464.97
168.57
439.03
160.69
470.43
129.05
441.35
216.50
207.54
323.72
184.60
139.18
203.68
430.12
235.82
432.42
408.28
291.23
409.99
404.05
323.91
107.19
216.85
207.96
390.44
48.41
227.92
254.43
210.74
403.09
307.73
312.92
320.47
246.44
235.43
223.37
306.31
122.43
391.65
303.14
131.55
218.91
227.29
318.31
129.91
123.05
431.56
197.59
307.18
317.53
398.49
358.45
173.55
415.16
353.51
321.33
428.30
308.49
102.52
434.51
130.65
85.93
271.03
199.91
409.49
328.75
270.98
400.95
434.09
428.81
276.98
358.42
147.90
436.52
240.34
386.07
168.58
320.91
320.47
192.79
227.17
237.24
249.79
168.62
285.83
411.65
210.06
248.87
200.43
280.67
214.88
299.48
383.49
190.86
297.96
311.11
331.16
229.50
316.11
296.64
768.72
1509.18
871.63
1709.76
1249.31
632.11
1451.78
1530.14
789.34
1416.01
774.85
1503.04
1486.87
1605.41
1512.14
1469.25
821.45
756.80
1274.96
789.87
1705.35
1647.53
942.96
1171.94
813.93
1641.13
736.63
533.09
619.65
802.92
1494.21
1013.66
1037.96
710.33
1402.41
720.10
1174.75
1418.19
1488.51
890.32
766.81
1067.10
1180.96
836.69
1027.69
1429.37
1620.99
1588.80
861.06
1487.94
882.00
1536.15
1093.92
1516.97
1411.38
993.60
1213.17
1252.73
751.73
756.32
1325.07
615.38
1147.33
951.29
1507.81
1359.28
717.16
551.17
1694.76
497.36
709.49
902.09
869.53
1246.61
1358.49
1364.91
1606.70
750.77
644.70
834.61
1559.88
1322.54
1046.91
1710.96
1046.43
1091.35
857.35
863.09
953.06
1518.58
1524.41
1296.64
969.62
596.38
506.37
1179.25
990.84
683.66
697.12
904.91
1893.31
1544.90
1559.49
994.20
1484.05
2042.21
1115.36
945.85
1236.23
1655.43
1604.68
1399.67
1574.70
1075.34
1736.39
1759.52
1540.50
1203.86
1808.63
1539.20
1041.56
1344.21
1951.60
1729.89
1649.64
692.72
1328.81
1812.85
1058.35
1678.00
640.21
1591.70
1038.90
894.22
973.96
1747.27
1099.05
1649.09
1667.26
1586.78
1123.05
1512.08
942.84
1641.71
1665.80
1755.62
1978.57
1823.15
1586.74
1766.19
1371.27
939.09
1785.48
1548.10
1853.55
1057.13
1524.29
854.09
1507.05
1199.51
1516.50
993.24
1871.68
1257.73
1577.03
1751.45
1695.92
1306.91
1436.43
1907.19
1657.75
1795.98
1575.65
1229.10
876.99
983.96
1862.08
1322.47
1583.29
916.94
2024.01
1225.71
1458.91
2021.41
1573.98
1770.35
1851.45
773.99
1704.51
1234.59
1958.60
1875.09
2077.75
1962.65
1025.90
1470.39
1005.66
1298.31
1640.99
1697.80
1421.72
976.98
1410.84
854.94
1356.20
822.69
955.60
1483.43
1387.03
1624.48
1030.46
1240.18
1131.85
1234.02
1194.47
966.35
1037.77
629.89
1067.48
1006.25
1507.11
827.68
782.12
1453.96
1537.56
1122.72
1215.82
1662.65
1124.90
977.84
571.59
631.41
657.59
1856.37
1327.72
795.36
735.53
465.51
972.78
1016.92
677.11
885.14
1298.10
1426.42
1016.78
1033.77
1364.06
606.64
945.91
1141.05
1755.49
1042.66
646.22
1135.72
624.01
688.23
1355.37
1435.48
560.95
650.80
711.87
1089.65
1823.87
1384.19
590.97
1676.50
1422.92
845.11
698.97
1160.37
1042.37
1052.99
1464.83
1325.22
1385.64
1110.52
1401.83
585.01
728.56
1318.74
778.81
981.23
1391.72
546.60
1231.17
747.80
1837.93
530.87
895.70
1373.90
645.60
987.37
738.36
1345.09
1798.49
1129.08
1406.96
823.66
1124.29
1683.33
793.37
421.80
590.31
807.12
594.94
323.48
759.47
771.71
511.67
856.09
489.04
635.67
523.36
898.00
434.68
479.05
1018.24
384.32
1102.90
336.20
819.38
343.05
700.86
495.15
587.99
663.06
820.58
568.19
324.63
959.00
374.90
590.08
672.53
782.39
449.06
1080.58
722.80
624.39
482.44
553.77
968.24
635.30
374.72
232.68
441.01
805.25
382.24
586.39
916.01
475.08
320.57
300.93
354.79
730.62
1138.44
637.77
885.55
701.14
507.04
799.82
868.42
831.53
839.32
770.69
1174.08
552.62
918.66
1080.69
1178.70
341.19
698.93
925.12
1114.05
1038.03
752.38
828.24
1022.84
1052.18
861.37
469.38
392.26
716.81
333.63
381.32
798.10
646.91
1137.87
864.21
698.65
1091.67
551.00
563.23
499.36
787.29
440.04
348.86
1018.72
852.32
825.07
733.32
936.01
848.02
596.17
276.10
966.60
122.10
790.29
564.21
848.99
563.56
834.71
694.17
608.52
484.75
286.41
791.58
741.55
1220.72
835.29
511.59
1053.02
759.62
1197.74
482.52
663.88
502.64
577.25
797.66
827.62
411.14
628.88
938.05
808.37
636.68
320.33
805.26
1014.18
349.49
1082.06
578.38
879.50
985.23
798.76
253.64
517.93
460.37
1158.79
1120.77
451.45
789.10
1496.58
1158.28
1316.24
1389.35
1234.14
536.60
660.30
836.11
1094.75
1419.65
770.66
1442.52
938.68
732.27
1465.44
662.85
752.85
604.80
949.97
1331.25
633.06
663.56
917.64
1478.58
1311.95
661.85
1433.87
658.61
1246.05
678.52
602.34
1138.10
621.87
593.02
744.91
1499.81
1317.65
958.06
1101.37
1283.75
1469.16
915.68
1075.20
1500.29
720.89
535.45
1447.86
1235.96
881.53
1339.00
1402.06
791.92
1547.22
1424.52
578.55
1446.80
890.34
665.60
825.96
1499.01
934.77
1097.05
1184.63
1510.28
1452.36
907.39
1084.72
1385.27
1459.12
698.26
1491.78
470.35
1400.92
515.03
797.59
1351.67
1314.60
759.57
1459.89
1012.79
890.88
551.99
709.75
1483.28
881.36
734.47
1566.25
1428.92
752.28
1587.38
590.35
1142.53
763.11
1005.57
1004.09
1171.54
687.90
1273.11
1439.06
810.70
1830.67
2003.65
2054.44
1882.46
1792.91
1959.82
2045.47
1961.47
1931.79
1936.19
1949.91
1955.95
1819.76
1956.74
1875.17
1945.11
1761.14
2054.91
1856.79
1880.48
1853.99
1820.16
1921.26
1934.01
2004.25
1828.80
1932.40
2042.11
1788.29
1986.95
1910.76
1838.44
1959.39
1949.07
1972.82
1745.67
1816.12
1968.66
1929.47
1793.45
1855.03
2010.77
1940.38
1848.23
1818.16
1942.62
1883.99
1745.91
2126.42
2097.28
1822.59
1953.67
1821.90
1923.64
1993.46
1813.31
1953.22
1984.70
1818.63
1785.81
1820.40
1894.14
1799.44
1869.72
1952.82
1845.88
1956.27
1851.39
1971.52
1802.10
2173.95
1942.96
1926.10
1948.74
1868.37
2076.42
1883.76
1946.42
1943.69
1807.54
1930.49
1824.40
1830.84
1900.51
1234.74
1862.04
1894.04
1862.57
1839.67
1971.85
913.92
1926.06
2104.72
1828.56
2066.48
1755.15
1917.96
1958.15
900.76
1874.92
1313.38
1157.27
924.34
1859.76
1467.23
831.08
1302.48
1367.55
616.27
1231.34
2132.45
1541.45
1876.09
1783.80
1540.02
2061.86
1712.49
1845.03
1748.25
1466.17
1376.00
2205.45
1756.35
1881.16
1534.86
1415.02
1578.48
759.30
1939.36
1510.40
1694.39
1594.10
1746.68
1098.34
1517.77
2020.84
639.23
1862.30
1666.16
349.72
1935.42
1957.64
1194.72
672.83
1320.11
1732.36
1962.27
719.70
1595.25
1414.31
681.64
1431.11
1240.85
2106.97
1540.55
1033.32
1519.03
1852.27
1366.32
1886.37
1372.99
1027.44
704.20
182.88
1417.67
1280.03
1234.45
1970.69
1316.72
769.18
1576.43
1354.97
1401.54
487.86
1551.32
1605.83
1515.53
1686.98
696.26
1603.65
1173.97
952.75
1479.95
1907.90
608.98
1738.57
1536.62
1723.29
959.09
1732.98
2188.83
849.54
1345.75
1390.68
1453.00
1699.85
1836.58
1246.30
1028.23
1176.26
1603.62
1880.44
1600.41
1802.17
1912.08
1788.96
1895.30
1811.01
1320.91
1700.69
1453.46
1216.39
1079.41
1474.56
1483.73
1274.74
1476.43
1390.00
1406.20
1616.44
905.18
1544.79
1801.36
1250.89
1244.69
2146.38
1148.39
1736.60
1559.49
1902.76
486.21
1413.93
1332.68
1091.36
655.92
1456.09
1194.74
1161.95
1758.97
1216.92
813.60
1371.90
829.08
1896.36
1101.72
1928.75
1975.77
1121.06
887.60
1791.01
1645.98
1581.66
1856.79
2165.40
1577.10
663.96
1598.51
731.32
1235.56
1804.59
1892.30
756.93
668.04
1351.83
1572.31
1167.41
745.28
1660.52
1477.18
1976.98
1833.37
1871.85
1021.56
1905.79
1369.79
1380.66
1700.88
2024.69
1711.89
1695.51
1000.01
1828.64
1919.56
1530.36
1606.84
1426.86
558.26
1013.92
781.19
1422.96
2018.01
1830.32
1344.43
1448.15
1122.77
1582.58
1705.71
1761.75
1318.30
1682.48
1474.81
1356.78
1903.59
1626.55
1042.90
1655.14
1369.81
1573.28
1601.07
2020.41
1494.12
1590.83
1744.31
1499.60
1667.06
2195.56
1815.87
2050.77
1593.89
1067.86
1110.93
2134.57
1932.78
1933.42
1376.77
1711.36
930.88
551.33
1444.74
1579.20
1204.68
1101.82
1247.68
1875.33
1962.57
1606.93
1718.86
2061.91
2055.07
1776.75
1544.67
1633.70
1801.98
1527.90
2073.28
1673.75
1340.39
1810.34
1749.56
1895.27
619.56
778.28
1942.10
1557.74
1756.20
2126.79
1587.68
1928.13
1563.92
2009.64
1277.95
1785.71
802.08
1533.33
1659.58
806.34
1291.80
1502.64
924.56
1857.82
1668.96
801.12
1561.34
1777.74
706.71
1233.53
1679.90
1863.07
1837.78
1463.96
989.27
1038.62
938.25
1434.64
1392.21
908.24
882.21
1095.86
1114.10
1787.47
1569.13
1017.05
1152.25
1322.81
1151.85
1556.90
662.59
1297.95
1245.86
1757.54
740.04
1357.63
911.28
1871.51
1435.73
1544.44
1740.11
1750.03
589.30
1925.93
1742.21
1007.47
1094.56
1667.72
1573.51
1201.86
1709.75
1788.91
1676.10
1618.20
384.89
1780.28
765.82
1410.22
1337.03
1616.23
1204.62
1600.04
1860.66
916.31
1450.84
1286.76
1788.02
1617.93
1452.85
642.63
1205.48
1978.85
1649.91
869.03
1798.85
1426.95
1261.41
1727.49
1451.20
1403.04
496.78
997.66
1822.42
1745.68
973.32
997.89
1889.03
1128.71
1389.08
1714.52
1697.84
1446.21
852.96
1853.58
1640.19
1799.55
1869.33
1438.52
1516.39
1620.12
1842.24
807.98
1702.54
1581.05
1542.33
1440.48
1781.65
809.80
1694.76
1448.82
1894.75
1925.22
1632.09
1639.18
1516.46
1886.14
1673.14
1038.20
979.78
1266.55
1270.90
1480.28
1757.56
1983.04
1599.65
1234.22
1223.84
1149.39
1508.50
1242.03
1859.02
1733.86
1750.11
1257.87
1741.84
1588.88
254.33
2074.33
1358.17
1718.69
1603.05
1873.14
1914.73
921.73
651.61
1233.54
748.50
1786.73
893.51
1907.83
510.96
1405.71
1703.14
1553.45
1543.79
1476.48
1225.52
1780.77
1031.03
1641.14
1701.04
1482.01
1945.60
1714.11
693.35
1619.45
646.71
1577.54
1288.73
1838.60
862.42
1505.22
1258.76
931.34
1678.39
906.45
1624.07
1712.32
1622.94
2026.01
1823.45
1465.39
1160.90
1128.98
1725.03
1266.53
1575.83
1364.70
770.49
1136.45
1381.31
1074.16
1807.37
1278.74
2092.94
501.34
1858.22
1439.62
1819.24
1671.88
403.98
826.67
1760.26
574.16
1083.23
1518.05
1525.82
1717.44
1353.75
1818.54
1312.73
1758.27
734.93
1499.48
1503.37
1185.58
1480.01
1501.79
1650.06
463.56
1097.84
742.71
1424.17
1589.93
1073.78
1296.81
884.38
1157.46
1185.67
1531.84
1932.17
1934.25
1949.47
1377.74
1960.25
1785.26
1010.09
1225.02
849.44
1090.42
1552.49
1212.01
1820.50
1826.37
1549.80
813.35
1630.83
1212.29
1674.72
1750.26
1965.99
1261.14
1777.48
863.98
1609.41
1275.67
1078.52
1726.04
1368.46
1644.11
1780.26
883.99
1361.73
1519.57
777.08
1580.70
1334.36
836.01
1819.31
1478.13
2223.59
1157.56
475.30
1102.99
1491.91
1905.67
1798.44
1735.46
1388.94
904.19
1682.79
1688.70
1379.58
1400.18
1955.73
1356.17
1624.28
1385.53
1655.44
1837.54
1790.26
1836.25
1261.62
1047.06
1146.68
1417.04
1575.89
941.83
1875.18
1584.39
826.38
1658.51
1918.36
1513.99
1098.14
811.93
1528.31
1170.74
813.05
1339.57
938.66
1417.09
1268.24
1242.86
1649.86
1042.62
1313.08
1233.55
1184.03
1536.06
1679.96
770.52
1741.82
1178.23
521.15
1368.96
925.05
1418.82
1091.70
1619.74
1203.50
1519.81
1290.96
1751.16
1067.85
1635.02
1167.58
1644.23
1936.66
2143.61
1737.38
1228.84
553.04
1766.02
1500.21
1449.81
1349.46
1605.39
1881.71
1551.91
1517.52
1532.49
1117.07
2069.80
1845.78
1926.33
1165.49
1460.48
1627.35
1596.18
1453.04
756.84
1892.65
1480.70
1807.58
1390.36
893.85
1729.36
1849.54
1363.16
1934.74
1459.77
1529.89
696.83
1432.32
2110.24
1555.40
1636.68
1917.11
1719.17
1550.26
1861.81
1577.91
1554.60
1497.35
1557.25
1611.93
2124.72
903.90
759.08
1747.23
1484.56
1276.80
345.17
1389.36
783.86
986.55
1864.98
963.17
1568.48
1754.50
1763.73
1364.27
1858.51
1397.62
1061.30
1559.77
1921.13
1516.57
1633.42
985.13
1356.56
920.04
1586.86
1560.79
1308.01
1422.92
1689.37
1595.54
1216.64
1705.19
1481.08
1632.70
1805.77
1147.38
1916.80
1509.98
1840.71
1003.38
1982.37
1627.36
2099.97
1339.99
1048.98
1966.93
1818.60
1516.23
954.27
1455.25
1857.58
1525.71
1615.19
1414.34
406.52
1712.39
1055.94
1363.80
1326.45
2224.85
1267.61
1417.17
1652.07
1175.18
656.21
1440.68
1490.23
1415.91
1499.02
1056.14
1077.34
1473.17
1519.62
1499.81
1481.45
1912.91
1622.40
1221.27
961.02
1497.31
1755.22
1667.23
1416.66
1466.09
565.38
1108.76
1024.68
783.40
1310.16
1659.56
1598.30
1812.11
1304.57
1720.54
823.52
1564.34
1865.41
1149.59
1997.59
1201.46
1832.56
687.11
597.23
1553.24
1060.27
1778.83
1316.00
1821.12
1640.25
1462.26
1637.10
1185.38
897.86
1767.73
1744.27
562.30
1205.08
794.98
1147.68
923.50
1426.32
1507.10
1531.43
1900.71
677.20
906.76
602.00
1392.01
1105.96
1504.45
983.68
2183.68
1577.58
288.85
1530.04
1260.89
620.58
1163.34
1407.13
922.84
1777.86
1076.02
1702.01
878.22
423.64
1457.08
1173.09
1539.09
1532.23
1151.97
1628.96
409.62
585.04
1691.46
1736.09
801.67
895.29
1130.21
1420.56
1472.54
1386.10
1769.06
394.85
1305.71
904.88
1637.76
1663.58
1801.37
1661.53
1516.19
1874.72
1394.03
1972.93
1224.23
1587.80
824.69
1560.66
1322.93
816.95
1673.56
1673.09
1611.00
1690.78
1456.39
1667.30
1476.04
1108.14
1359.26
1219.51
913.09
1749.82
1619.95
1576.47
1398.88
2094.93
1814.84
1769.70
460.69
1123.79
1257.15
2065.46
1618.58
1006.12
1481.25
941.43
1925.96
1702.77
2169.56
1645.50
1498.10
1012.12
2068.17
1759.94
372.46
1347.67
892.30
1323.88
1609.90
1519.71
1490.19
1682.40
1457.17
1953.28
1494.45
1145.26
539.94
1659.83
834.55
1466.22
1570.48
1077.32
557.95
818.70
1428.48
1092.81
1652.08
985.50
1825.72
1699.35
705.31
1520.16
1432.27
1441.41
1297.62
1327.95
1782.39
1526.52
1898.67
2105.12
1883.61
1581.44
1394.39
1194.68
1422.61
1464.41
1726.06
1748.22
555.95
1818.02
1895.80
1860.31
1736.28
1288.32
1374.23
1148.56
1198.50
1756.65
726.76
274.72
995.35
583.76
1219.53
982.45
911.24
675.75
859.48
1622.93
1444.25
558.62
1198.60
1792.83
977.76
1802.46
1861.41
1451.85
1727.23
384.90
1482.03
1442.63
935.03
1252.55
1455.50
1198.29
1941.76
523.41
1560.78
740.91
2171.40
1228.88
1959.42
1178.26
1426.31
1251.99
1663.66
698.35
1370.44
441.68
1488.35
1688.11
1884.87
583.86
1764.97
722.85
1137.32
1073.20
1282.38
1688.37
1367.16
1511.59
1559.19
923.97
651.26
1202.14
1926.73
1851.40
1124.14
1980.22
1876.91
1636.15
1033.07
1552.94
1507.95
894.32
1633.18
1209.74
1740.65
1382.56
1394.17
1615.98
1552.93
1451.99
1699.56
1767.94
1618.91
1472.76
1208.45
1568.19
1825.08
1101.63
1678.50
1253.06
884.65
1700.27
1654.28
1943.73
1055.60
1129.31
1236.94
1068.91
1880.28
1305.94
2028.36
587.93
1340.69
1462.78
1326.87
1469.04
1791.49
1955.00
1582.31
1215.81
1289.65
1749.19
1937.04
486.54
1929.58
700.57
992.96
1760.42
967.48
1467.44
584.54
1911.13
1583.65
1968.66
2012.79
1298.31
1673.32
1562.49
2013.22
1655.50
1494.38
891.24
878.90
1607.20
806.64
1737.56
1489.54
1338.66
2194.99
1602.83
1602.24
1532.37
1135.77
1801.40
1749.37
1903.19
618.24
1013.63
1038.36
1493.31
1839.92
1721.76
1483.87
1958.46
1618.16
1481.21
1594.11
1741.26
1563.68
1931.55
956.27
1367.66
935.10
1706.96
997.96
1741.42
620.38
1388.90
860.97
1206.42
1256.69
1241.86
501.91
1397.43
1401.88
1641.19
1151.21
748.77
1100.11
1653.38
425.82
746.63
1627.56
1767.90
1282.65
1752.03
1642.86
1772.76
1597.08
1659.20
1643.98
1339.95
1779.55
1577.80
1292.86
731.23
1072.48
1083.14
1514.09
584.14
1550.66
1893.69
1740.83
1378.76
1494.14
930.46
1748.71
2127.83
1457.77
1249.09
1834.18
1205.56
1351.48
1505.44
1623.32
953.61
1210.13
1912.95
1762.33
1924.05
1390.52
1658.44
1830.33
1663.18
1977.86
1768.83
1637.99
1735.96
1362.63
1783.41
1421.83
1582.88
1287.89
1456.31
1566.89
1478.42
637.93
636.88
1712.66
1611.18
1182.78
1149.10
1092.97
1490.50
1323.18
565.80
712.01
1538.18
1698.33
1554.53
1522.78
2038.31
1926.62
1989.41
1306.43
1617.60
707.10
1369.29
1063.84
1832.62
656.02
1701.96
1115.31
1717.59
1179.63
1366.76
1583.71
969.91
1503.62
1753.53
529.11
1467.93
1243.24
1454.88
1482.59
1540.98
769.87
1396.40
1515.46
176.18
808.77
1929.91
1527.97
890.84
1156.75
1835.61
671.87
730.45
1808.07
1722.76
1709.73
1853.19
1930.85
1291.29
1541.32
1248.73
1849.50
1664.96
1598.75
1641.50
1957.22
593.84
1784.64
1364.24
1512.72
1543.44
870.65
1210.07
1628.12
1522.72
835.09
1401.88
1861.56
1535.16
934.37
1520.83
1387.67
1695.13
1886.37
1857.34
565.55
92.22
910.38
1725.78
1789.55
1090.59
1643.53
1530.37
1767.49
1719.52
1748.91
642.88
1813.39
1861.11
1593.53
1742.38
1937.17
1449.75
1882.08
1456.33
1202.90
1503.43
970.25
1730.71
1540.75
1788.60
1171.97
1457.63
303.45
1869.93
1416.69
1394.17
579.01
850.74
1834.21
1595.03
1753.59
961.13
1837.63
1404.67
898.43
1899.81
1280.63
1036.58
741.97
1199.47
1853.47
1917.54
1377.02
618.91
1205.49
1127.54
1022.48
1703.54
1200.55
1387.72
1309.77
1458.80
1401.38
1794.74
866.54
1441.22
1860.00
1669.98
392.68
1942.11
1482.81
2178.77
1833.38
911.19
1101.14
595.91
1733.55
1711.21
774.73
1116.56
1714.57
614.66
1062.96
868.02
1593.88
1556.29
2171.89
943.73
1148.33
1215.66
1545.44
1900.00
711.82
1861.93
1371.63
1522.62
661.66
1688.68
1572.48
1920.72
1808.78
728.09
1643.63
1178.07
1862.50
1454.66
1624.53
1704.07
680.45
1145.68
987.31
983.63
1491.38
1494.73
1738.80
1471.23
1433.10
1523.77
1339.17
1395.16
1526.97
1956.51
1057.25
1866.40
1565.89
1703.31
1440.15
1045.81
1457.53
2002.93
1704.82
889.94
1582.36
1512.74
1937.60
1646.33
1673.66
1762.82
1431.72
1548.43
1629.59
1791.63
1122.20
1545.62
868.78
1756.06
1879.96
530.04
1589.99
1891.65
1883.38
1480.57
1356.90
782.13
1161.80
1847.23
1131.18
1750.06
1224.96
840.94
1502.57
1537.13
1395.71
1800.00
1259.58
372.48
924.83
1765.59
2032.39
1762.89
1667.10
1965.34
1316.13
1620.81
1723.76
1651.52
1394.76
1450.04
1458.88
1673.93
1008.78
1627.34
1557.02
1086.63
899.62
668.60
1868.47
1271.47
1499.79
867.46
1174.31
1458.30
1606.96
1081.27
1302.61
1755.51
798.24
1957.69
1014.60
785.12
1685.83
1092.31
1729.08
1963.80
1061.24
1810.01
1862.36
1877.33
736.95
428.50
985.10
1637.91
1804.99
593.72
1781.11
1832.82
1310.36
1643.15
911.18
721.94
1707.54
796.10
125.50
1330.57
1866.08
1685.37
1616.92
1978.70
1711.73
2041.08
1655.65
1415.05
1356.99
1707.69
897.22
1510.21
1496.55
1794.57
1198.51
1672.09
1212.35
1650.07
1598.94
1443.61
1427.86
1212.90
1882.25
1076.73
1787.80
2147.09
714.41
1880.63
103.21
1945.04
1328.37
1717.00
1753.09
1058.02
1826.61
1971.46
1594.28
1638.33
597.60
1511.53
1686.88
1574.48
1507.87
1778.00
1079.97
1837.60
1646.73
1309.34
218.22
1875.22
445.59
302.87
1297.53
908.05
1784.88
1780.76
1473.64
1875.25
1720.41
1436.04
1533.22
1129.22
862.39
1721.56
1211.13
1588.19
1373.59
1502.48
1732.89
1624.16
1548.93
761.56
503.10
1420.16
1836.61
985.08
611.52
1242.60
1054.64
1314.14
1005.62
1644.59
1553.21
1798.75
836.33
1887.16
775.90
1976.65
1966.79
1503.95
1213.29
1502.81
847.68
1850.40
1358.50
914.28
1657.55
988.46
871.79
579.37
930.60
511.26
1909.36
1901.99
1637.56
1401.48
1202.03
571.87
1536.88
1737.16
1204.49
448.41
1616.38
1634.10
558.26
1411.74
780.77
963.74
1244.47
2045.05
900.37
502.21
1256.57
1980.91
1497.93
1887.44
1914.13
1275.49
1640.20
1897.75
1283.39
905.60
1001.37
1751.14
1268.07
1584.77
966.28
1585.66
2042.20
1706.92
1124.78
1914.70
2026.75
1408.02
1722.40
1459.05
1041.79
1907.16
1419.10
1259.46
1571.36
1765.84
1490.66
528.35
1549.07
818.74
988.36
222.52
1672.91
1881.43
1704.29
1253.09
1364.56
1712.73
1936.81
1704.37
1276.44
1424.82
666.38
1874.49
1806.59
1117.07
1795.05
1242.86
1716.19
1865.04
1612.60
747.14
908.59
1499.03
1885.77
1524.49
1216.16
635.10
1331.11
1173.01
1800.34
1523.57
1824.91
1538.37
935.85
1819.90
1475.56
1630.24
971.96
1507.42
1154.64
988.34
1512.48
1614.76
1543.73
1501.75
1845.52
1297.40
785.02
964.98
1762.24
1662.90
1744.64
1378.76
1255.37
1302.72
681.72
2013.03
1147.60
1947.52
965.44
1617.58
605.58
1564.78
1202.33
978.50
380.04
1685.17
1730.19
647.09
1245.64
2057.60
1871.49
1156.86
1874.31
1501.35
1540.42
1734.15
1488.57
2191.29
1056.91
718.37
2053.17
1634.10
1556.89
1785.04
2139.42
1487.72
1661.38
1617.01
1389.63
1243.25
1320.67
1368.80
1634.78
1424.32
2001.37
1516.71
1596.71
1631.70
1615.10
994.23
1881.75
1071.59
1392.03
1378.92
1648.07
2002.59
601.22
1214.00
1403.60
2006.99
1770.63
1083.05
1941.29
1679.23
1664.14
1760.10
876.44
902.45
1771.16
357.73
1878.90
1969.47
1974.95
1749.96
1502.31
1549.53
1482.71
1779.94
265.43
1636.05
1199.19
1213.51
1933.90
1047.20
1244.86
1489.80
1621.22
1678.19
1499.36
1555.30
1393.64
1832.19
917.95
1340.46
1158.12
1148.47
717.17
728.05
900.57
1640.65
604.79
1522.89
883.49
1565.62
1890.52
1889.82
1522.82
1898.71
1494.39
1343.75
1674.56
1888.79
1129.72
526.77
1213.30
1705.83
1626.41
1821.10
1916.56
663.87
514.64
1778.49
1097.71
1831.42
930.85
1850.97
1079.41
1631.50
1269.64
1152.26
1336.65
1418.50
1977.97
1168.32
1945.43
1491.11
1403.82
1671.26
1663.34
1921.60
1729.66
1518.93
1347.40
2116.00
1097.53
772.50
1620.58
1322.37
1563.85
884.55
1299.21
1226.10
1648.68
1612.82
1884.94
1299.69
1422.85
1586.15
569.49
1660.49
1499.40
1851.01
1909.12
609.75
590.32
1646.95
1874.25
1197.10
1878.63
824.08
1179.02
1375.40
754.92
2195.69
1421.76
1093.70
1889.96
1395.85
1468.40
982.00
795.86
1463.16
1538.31
1826.46
1491.70
1710.93
1627.05
1073.98
1869.70
1639.61
1517.47
1853.71
333.59
1736.11
1295.03
1698.53
541.93
690.19
1907.55
1821.32
1310.63
924.38
1546.23
1901.15
1710.60
1342.37
1690.42
1679.76
1261.57
1710.08
1655.06
1529.00
1058.42
1280.75
927.16
1795.79
1994.07
1612.03
1960.79
2116.44
1827.52
1576.47
1713.32
799.38
911.30
1497.84
861.56
1487.77
1437.39
1878.17
1074.15
1723.62
1671.46
1613.02
1762.78
1552.15
1811.52
216.56
998.41
688.64
1465.69
774.52
1900.51
848.86
2140.77
1609.88
1287.78
1076.51
412.80
921.68
1673.28
1507.96
1664.38
1001.71
873.24
1419.34
1290.35
1611.18
1006.80
874.98
1665.67
1533.28
1912.48
915.47
1366.19
541.93
758.34
1685.12
1505.50
1816.97
1548.92
1620.48
1513.30
1834.95
1308.41
1138.73
1912.06
1501.82
1584.23
724.10
1546.45
1756.32
377.99
1870.36
1866.65
1164.33
1472.43
973.11
1745.04
1164.78
1502.21
1470.51
1458.76
670.99
1721.89
1586.33
1631.31
946.34
1117.55
1923.13
489.10
1783.50
1932.89
928.77
1470.15
1991.27
1649.99
870.15
1835.32
1242.06
1215.93
1413.23
1802.61
1027.56
1337.01
2034.45
1681.21
1189.53
1659.15
1723.31
1321.93
1044.03
1548.79
1186.32
747.64
1283.46
1456.76
422.19
1613.71
377.94
1561.27
1224.99
1737.77
1698.56
1838.82
1452.24
1542.67
432.94
901.05
1488.15
1870.18
1212.79
1628.94
1941.90
932.64
1510.29
1553.32
1120.60
1534.06
394.14
2202.86
1393.44
952.27
761.35
511.26
1888.39
1396.59
1435.71
1951.05
1838.27
1303.87
1612.61
1516.86
1061.85
1838.69
1645.98
1604.01
1608.31
1478.67
2037.67
1499.04
1710.82
1031.57
941.71
1744.83
1800.40
1399.78
1055.56
2021.22
1439.33
1704.06
1638.21
1637.38
1460.13
1166.31
1593.60
1319.71
1888.80
1210.07
1785.25
1737.28
1607.52
2145.01
1312.32
1437.53
1674.23
1570.54
1386.52
911.14
1185.77
1657.11
1491.38
1827.01
1597.95
1248.70
980.32
1174.04
975.11
1874.74
1535.80
1214.76
1788.66
1395.38
1711.48
2105.25
1864.33
1608.97
1618.96
1658.07
1209.51
511.53
1646.42
1994.57
1804.90
1732.59
2216.00
1721.26
1805.71
1343.65
990.11
1279.21
1755.94
1571.71
1754.78
1191.81
1630.93
1620.74
869.47
1879.85
1394.83
1982.30
2075.43
1282.28
787.21
1624.22
1806.24
1767.03
1720.09
1067.51
2001.48
1888.31
1891.44
1481.38
1600.33
2001.60
384.08
677.35
1409.86
903.93
1394.96
1219.47
1801.10
1064.34
1271.54
1289.72
1198.41
1720.79
1647.26
1378.12
1163.91
1731.58
716.96
1550.19
940.40
2019.76
1489.10
1465.23
1321.71
1540.09
1769.50
1334.57
1141.27
409.08
938.80
1565.33
779.54
1457.58
1576.50
1611.58
2127.88
1872.08
1775.75
1602.56
1723.69
1430.24
1881.63
1476.50
1632.70
1870.92
2038.10
1424.91
1764.57
1571.43
1556.41
1855.46
1159.65
1279.72
2104.71
1988.22
1443.03
984.78
1675.05
2047.00
1565.38
1665.66
969.23
1968.16
854.61
1760.46
673.48
1274.24
1619.25
812.36
1503.21
1009.41
1856.35
1798.90
1682.40
1199.67
1184.92
1410.10
1937.13
1818.60
1486.71
1719.42
1293.76
900.49
1608.50
1153.95
1568.53
1195.30
1524.84
1863.28
1913.83
2035.99
1480.50
883.86
1857.44
1180.41
1712.56
1416.98
1736.03
1264.50
981.80
1208.83
1659.72
1515.62
1564.39
1086.65
1698.33
1644.23
1768.05
2025.47
1775.38
420.86
1354.14
1153.88
1397.12
2217.78
926.67
1628.20
1901.93
1128.59
1302.49
1874.12
1836.71
1577.93
1672.15
591.84
840.84
1225.12
1606.40
1541.16
1633.30
1628.04
1626.88
1524.83
1587.03
803.04
1689.82
1910.54
1932.21
1911.19
1807.55
1517.72
919.76
1006.10
1672.16
868.38
1486.83
1561.91
1610.46
914.06
1715.86
1982.39
1067.47
1023.29
900.93
1078.93
1767.72
1295.65
1780.84
1824.07
1607.21
1058.07
1489.78
999.00
1407.45
1654.08
1144.54
1651.00
1488.66
970.72
789.78
1500.75
952.89
1842.91
1266.15
1254.57
1669.33
1497.96
779.98
1203.56
1516.64
901.25
597.78
738.01
441.80
1345.00
1802.72
676.22
1615.38
1586.41
1736.67
1597.23
1766.18
1944.33
821.96
1416.82
2186.39
1543.40
1753.85
1295.31
1460.86
1685.14
1318.32
1302.95
1074.92
1562.20
1706.34
1490.03
1209.41
1685.54
787.49
1067.18
976.83
1665.65
1113.74
1382.45
893.65
907.21
1402.83
1020.92
1019.22
402.86
1686.11
567.54
848.37
1864.76
755.34
2069.79
1320.12
1610.11
1844.16
1485.80
883.30
1789.95
1797.55
1819.42
712.31
1072.40
1054.12
1654.76
598.12
1470.03
1670.88
1543.05
1901.20
1165.86
1104.89
1740.03
1572.43
1932.06
1937.58
1487.09
1693.40
1769.01
715.21
1568.56
924.60
1751.52
1025.49
252.63
803.13
1281.73
1769.89
1884.03
953.22
1514.35
1411.53
798.84
1397.56
1674.14
1482.57
1577.80
1857.60
744.13
1634.56
767.04
1840.12
1148.58
1289.69
1048.60
2057.36
1314.98
1268.01
1959.54
1714.51
1237.17
1910.58
1577.28
1495.68
2034.44
1734.46
1103.29
1541.46
1366.84
1635.79
1200.25
1785.53
1281.79
1649.07
1731.49
1951.22
1826.21
2188.86
2075.62
758.19
1565.80
1818.24
1589.11
676.27
794.76
1137.96
2014.32
1337.92
1448.63
1775.28
893.51
1634.23
1569.78
1752.70
512.71
1040.45
1706.93
1746.24
919.76
1144.46
1971.35
1761.04
1757.94
1774.62
1347.16
405.72
1952.09
1456.91
1150.24
2229.29
1412.35
1173.73
1215.95
1637.24
1743.95
1828.80
1802.28
810.36
1541.78
1331.16
1693.45
1972.38
1536.72
1772.07
1445.84
1665.51
842.10
791.34
1197.24
1394.58
1792.88
1097.66
1873.32
1352.85
1425.22
1510.73
1493.37
572.82
1187.79
1950.96
1955.25
1295.11
853.92
1061.60
1494.46
2115.45
882.84
1780.15
1349.93
2184.96
1501.18
2025.30
726.78
1640.73
1368.00
1105.98
1517.77
1140.82
976.08
1571.22
1217.01
1065.41
1678.41
1611.95
1725.69
1457.00
1459.57
1352.63
2147.79
1562.47
1488.48
1060.34
1176.30
1874.15
1558.64
1559.11
809.59
1464.88
1815.83
1649.32
1800.64
2012.09
802.84
1529.77
1747.14
1665.19
927.36
1913.96
628.32
1520.16
1647.85
1524.92
1367.64
868.96
1178.38
1756.09
1005.91
1565.11
1091.40
1511.02
1757.84
1252.71
1305.35
1577.36
1641.64
1779.89
422.67
1258.70
1102.78
1758.06
1835.44
493.74
1273.91
1440.40
1648.55
1947.15
1249.86
1864.96
1863.75
1097.95
1535.57
1965.19
1472.92
1604.45
1425.21
933.48
1877.34
1405.12
1317.24
1479.99
1827.37
1383.88
510.06
1412.40
1876.92
606.97
1415.40
1572.55
1452.97
1518.72
885.05
765.78
1740.56
1656.84
1330.93
1237.37
1963.69
692.27
1888.39
653.15
1581.33
837.26
1214.93
1437.66
855.36
817.77
1515.38
749.60
1852.70
1362.16
1283.58
1895.14
1293.71
1504.46
1544.15
1343.00
1319.37
1371.99
1436.53
1637.30
925.13
732.10
945.87
571.59
2123.15
1712.34
1331.32
1319.78
459.54
1105.32
1402.80
1402.27
1181.32
2169.40
1295.76
1398.32
1555.68
1815.20
1724.47
1582.12
1720.89
1371.34
1825.16
1854.89
1480.13
1578.81
1601.19
765.30
1769.07
1289.76
1134.52
1846.50
1841.67
1843.38
1299.09
1658.78
901.09
871.07
1876.40
1324.48
1687.03
485.64
1402.08
1838.60
738.91
1579.58
1690.91
1955.33
221.31
1360.25
2102.05
2024.50
791.18
1372.03
1539.89
1889.78
1740.97
1998.60
1437.23
1536.01
711.73
1539.23
1053.13
729.49
1524.13
75.41
1831.39
716.09
724.11
1532.29
1279.79
2134.78
1261.65
1950.50
1926.23
881.99
1986.85
1631.98
1999.87
720.16
711.53
1598.91
1670.55
1584.54
632.91
1715.18
2177.64
1137.05
1118.50
684.83
1759.00
1872.29
1668.16
2084.34
1654.83
1547.72
590.01
1132.25
1753.04
2040.66
1722.36
1881.75
838.60
1619.00
1435.14
1961.73
1294.51
1358.23
1649.55
1368.87
802.85
1840.54
1385.20
1525.63
1876.15
1392.02
1272.95
1487.24
2014.42
735.43
968.72
1984.93
1755.77
655.06
1603.93
1625.15
1565.74
1857.11
1843.44
1395.61
901.05
1655.57
1442.55
1004.66
805.16
1466.16
1018.09
1447.82
1320.50
1518.89
1899.59
1661.93
1026.21
1667.52
1611.18
1245.43
1353.28
1860.96
1728.69
1645.98
1647.69
1538.93
2008.09
1675.28
1852.71
1866.55
1193.25
1384.43
1580.01
1237.44
1698.06
1739.01
1852.43
1516.41
1682.98
1932.06
602.54
1426.46
708.80
1726.76
1632.08
1610.39
1366.97
736.43
1389.12
1357.87
1437.65
1352.79
1836.58
1945.42
1316.89
1954.45
684.94
1590.71
991.59
1586.48
1187.56
1151.48
1650.95
1563.34
1233.34
671.68
1459.26
1459.28
1469.43
1842.63
1712.66
1514.45
1792.98
1764.75
1538.84
1522.10
1385.99
1291.08
1462.33
2035.53
958.50
985.33
1848.09
645.32
1810.21
1560.21
1530.85
1424.35
1756.00
1449.03
1871.73
1811.72
1008.18
1764.87
1166.65
784.46
1336.33
913.35
1862.45
1868.77
1549.93
1464.04
1665.76
299.45
1664.04
1212.11
1205.65
1721.68
1068.17
868.73
1760.43
922.10
1341.38
1710.62
740.78
1492.84
630.71
698.39
1444.61
1683.69
1215.57
938.67
1680.01
874.51
1921.19
1671.75
1650.37
1629.10
1446.58
1407.25
814.67
1746.95
1843.51
679.67
733.37
743.12
1690.29
1823.92
1161.68
2079.31
1289.49
1265.99
1906.55
1330.58
1985.06
832.56
1393.01
1543.19
892.45
1821.50
1281.15
1154.12
1765.94
1393.49
956.00
1823.33
2072.31
1542.54
1558.68
1253.87
1149.40
1339.99
1591.15
1284.20
2020.90
1687.32
1350.83
1206.66
885.30
1801.31
1539.07
1301.50
1457.58
1918.65
2125.07
714.88
1797.05
1625.28
802.41
308.73
1521.61
1406.19
1351.97
1072.66
792.67
1630.88
1740.50
1477.84
1727.84
1639.40
1440.02
1055.82
1617.18
1047.30
1192.41
1586.33
1104.40
1048.23
696.76
1113.95
1812.55
2088.74
1762.30
1905.74
1190.21
1710.76
1649.71
1211.84
1333.99
1931.44
1252.47
1660.16
1640.48
2068.85
1619.18
1372.46
1509.01
1941.29
926.93
901.21
1403.82
1559.33
1037.85
1035.10
1134.85
1239.01
1807.48
1408.43
1384.39
1801.54
1581.92
1645.15
300.28
360.50
1945.74
1664.75
878.87
1847.43
853.35
1143.32
669.45
1595.84
1196.11
2073.55
839.55
1586.15
1404.10
622.21
1875.03
1147.95
674.31
1263.40
1747.19
1608.87
1277.35
1936.43
1521.10
647.93
1838.16
2058.06
1432.97
1975.31
1352.51
2194.09
1208.77
1742.71
883.57
1427.32
970.88
1246.10
1627.10
1526.71
1396.32
1539.80
730.05
832.46
1533.62
1284.53
1913.22
1961.19
1564.10
714.90
1342.52
1074.73
820.03
1651.27
896.45
1493.81
1417.80
1403.63
1339.30
1717.76
943.13
964.02
1792.88
1342.83
1822.36
1028.45
941.49
1839.49
1127.90
1296.33
1669.55
1608.34
1264.63
222.97
1847.70
1284.84
1882.08
1389.65
1484.46
1265.40
2017.48
1748.70
1695.99
1650.67
1760.93
759.88
1918.74
1635.95
1495.44
1790.99
1804.72
1482.38
1395.89
1857.81
1749.54
1147.93
1757.14
1365.64
900.34
880.46
1615.21
2043.50
1166.02
73.05
1656.92
735.86
1593.83
1313.80
1153.58
1586.10
1502.71
1635.82
1022.31
1736.92
1278.16
1065.26
1106.23
1524.98
1586.82
1544.27
337.26
1373.07
918.32
1840.78
1289.08
1669.07
1178.63
2170.96
1794.34
1186.22
1867.73
1219.70
1122.11
1513.70
1275.24
1502.38
1583.19
1340.13
716.28
1593.04
1418.44
953.48
2018.78
1267.85
1833.58
1038.75
1502.26
1133.37
1961.88
1542.49
1959.16
1626.02
1663.05
1119.58
920.77
1612.57
751.56
1407.49
1085.22
1207.95
1134.77
2035.64
1761.68
1495.46
1233.34
972.65
1637.34
2095.08
1801.47
656.14
1222.52
1091.78
1619.63
1449.57
1616.34
1648.16
1485.01
250.09
1468.77
1782.46
1453.09
1638.90
1048.51
1934.30
1835.10
1174.37
531.96
2079.20
1071.29
1750.83
1715.46
1432.12
1998.35
1255.00
1665.60
1835.32
429.66
1328.36
317.98
1688.10
836.61
899.59
1854.38
1956.08
830.34
1540.25
1621.97
2079.98
1824.58
250.07
1572.15
1133.79
1874.97
1331.36
1959.42
1885.01
1981.50
1424.76
1723.76
1212.87
1464.77
682.58
1702.88
1442.93
918.64
1103.51
1765.42
1426.87
1763.22
278.96
1735.18
1704.49
1144.07
1107.04
705.04
1508.91
1200.58
1136.84
1316.89
1083.38
1560.82
1543.78
1079.19
1437.56
1580.35
1517.58
1535.68
1429.15
1816.52
1890.32
1082.64
1245.14
991.39
1563.18
865.97
665.38
1261.17
821.61
1945.01
1472.14
1021.26
1746.15
1168.76
1843.61
1342.10
1215.49
1370.11
760.83
1307.27
1343.70
1377.28
1868.97
861.23
1279.25
1420.86
1780.51
607.20
1410.02
1419.97
911.36
1896.40
1826.52
1105.87
1338.95
430.30
1660.82
1674.96
1357.16
1285.44
762.27
2060.80
1275.35
1957.80
1187.38
832.63
2011.15
1407.97
1558.23
1187.22
1569.30
1566.84
1246.78
1263.03
864.32
1400.89
1345.40
1084.22
1421.47
836.42
1385.56
1069.09
1310.72
1439.72
1676.15
1920.40
936.49
1299.69
1986.23
946.11
1652.92
1226.60
1670.55
1221.30
1227.24
1538.31
1638.63
1590.17
862.24
1223.00
1937.87
1742.39
1720.69
1356.61
1962.46
1803.51
1960.71
1571.11
1597.24
1593.60
1864.84
1508.17
1263.60
1419.61
1444.60
1307.97
636.54
1151.37
1866.03
1251.58
1650.33
1957.81
1090.02
1494.26
812.58
1540.83
1868.90
364.28
1468.73
1371.58
1550.62
1592.91
1183.15
1368.84
672.39
654.22
1304.01
1731.91
2032.87
1796.94
1789.77
1471.01
1772.21
1715.18
1896.96
832.36
1767.66
548.05
919.12
855.08
1475.02
1010.91
1601.77
1125.67
1560.53
1597.93
1759.38
1361.59
1474.37
1720.65
1301.20
1618.19
1914.40
1649.90
978.47
1248.88
1738.78
1268.91
1350.10
856.23
915.40
1489.51
1821.00
990.30
801.67
1174.78
1724.13
1419.19
1361.03
1005.06
1788.88
1655.20
1604.95
1662.95
1384.20
1302.87
654.44
1432.61
889.22
917.56
1683.92
1346.68
1285.18
2026.42
954.75
1337.26
1033.27
915.08
1205.24
1303.01
1574.59
1504.07
868.82
1495.18
1794.05
1414.34
1302.98
1717.73
1599.19
1942.18
1397.98
1069.22
1437.00
1682.62
1266.98
1262.28
1670.12
1132.52
468.95
1679.87
1608.42
878.34
1135.99
1271.58
914.49
1603.88
974.38
1261.35
1234.40
1664.04
1627.52
1712.93
1792.91
1516.34
1425.26
1693.71
1795.68
1695.40
1905.37
1891.84
1657.55
1717.29
1170.47
1444.96
1336.55
1209.65
1760.57
1366.32
1270.25
1652.44
758.97
1835.20
1268.57
1038.40
1127.23
2005.29
1606.93
1477.63
1727.96
1408.76
1579.81
880.23
1408.38
970.89
1478.93
1709.70
1051.19
1402.91
1479.55
978.64
1235.83
935.71
1568.98
1887.26
713.64
1202.88
784.23
1609.46
537.08
1107.85
892.96
1419.05
1557.54
2005.41
2045.76
1324.96
1435.39
818.43
989.00
1952.16
1576.43
1362.54
1387.77
1540.66
1239.67
1947.01
1644.29
1055.41
1948.50
2127.45
1970.79
1617.52
1547.90
923.65
1600.64
1236.87
1541.01
1493.11
982.37
503.53
2012.39
1481.85
831.17
1488.74
1597.31
1234.83
1577.71
1913.60
1029.99
826.12
1372.52
1749.11
637.07
714.60
593.67
1832.66
1681.63
1456.17
1846.70
1261.95
1986.55
1652.37
1407.90
1612.57
2005.48
1581.98
1365.86
1527.91
939.28
803.14
1586.69
1648.44
1687.38
1574.45
968.82
1776.28
1824.57
1701.85
1935.42
1628.97
1721.73
1381.89
2188.06
1785.25
1155.10
769.94
797.30
1794.04
994.97
1547.80
1700.74
1460.84
1184.05
1396.40
1340.45
1593.84
808.99
1359.90
1806.10
802.68
1670.96
1083.37
1629.13
1471.96
1168.63
831.03
1545.06
1534.18
1490.09
1490.23
1331.11
1646.77
1267.87
1469.09
1376.31
1857.41
987.30
1817.37
1697.81
1605.66
586.85
619.73
1870.95
1046.76
815.59
1515.86
1006.08
1709.76
1076.06
1623.08
1728.34
1683.80
1490.63
1891.23
1811.80
1249.99
1462.14
1450.03
1588.05
1126.79
1117.32
1547.05
1365.34
1228.93
1600.91
1642.75
1274.61
1584.29
1728.26
625.39
775.78
1739.68
1467.86
1414.32
1764.30
1642.83
1230.87
1072.81
1674.89
1394.02
921.78
1858.59
1465.05
1791.15
1611.52
1731.92
1067.13
1477.89
1751.03
1741.71
2192.50
1002.95
589.24
1292.53
1474.96
938.21
738.94
1764.42
1144.73
1826.03
1260.30
1731.96
1872.03
1733.33
956.56
1491.70
1662.75
1066.55
746.80
616.92
1233.67
1895.18
1659.96
745.85
1438.45
1543.15
1716.65
1581.70
1923.03
2015.40
1813.00
1465.81
2029.34
970.66
1112.77
480.01
1716.69
1484.55
1298.60
1549.40
1690.55
2102.08
1804.64
1747.31
1427.35
1429.03
1444.46
1628.19
1888.78
2009.33
1417.32
762.84
1677.47
1466.79
1153.06
1462.04
1382.70
1861.04
1095.80
1005.51
1304.62
438.74
1583.99
1528.51
1627.18
1491.24
1212.68
1103.41
1358.11
1073.03
628.29
1612.83
881.33
1604.61
952.01
1856.54
545.72
1876.89
1867.51
1720.36
1625.43
1911.48
1278.45
1874.28
478.30
1262.12
2130.42
1033.51
1240.65
1485.44
1528.77
414.90
1422.13
1491.11
1311.52
1853.49
1905.47
384.68
1494.31
465.78
1613.33
1360.65
1654.58
1448.17
1767.16
2036.47
492.23
157.66
1379.16
1278.86
1181.02
1338.38
903.19
1740.46
598.99
1862.34
1523.72
794.59
753.59
1260.28
1671.29
1832.68
822.71
1652.72
1591.52
1173.90
630.56
712.80
1457.53
1333.34
1116.54
1409.80
892.35
1652.30
657.83
1179.29
1674.09
1616.20
1951.22
1659.56
1450.89
835.67
1744.71
736.08
1577.68
1098.09
1581.95
1278.47
1275.16
1540.40
1542.21
1566.88
1501.72
1961.59
1794.00
1901.93
792.03
1790.78
1312.53
1558.15
1967.06
1655.72
1716.11
547.65
1295.24
1338.81
1914.64
1511.76
1926.07
1728.13
853.82
1586.64
1689.53
1846.95
1065.42
1058.39
732.70
1511.41
2157.46
973.53
1796.23
1583.76
1233.26
630.49
1701.70
805.10
1459.96
543.96
1099.36
1089.84
1347.98
1766.32
1978.79
839.29
1686.18
862.58
762.86
1069.83
1178.47
806.07
1538.82
1763.93
1164.60
1521.72
1184.52
1269.04
1539.28
1498.54
1212.54
1218.84
1271.69
399.25
662.82
1565.89
1192.11
1138.30
1047.34
1431.92
1171.20
911.46
1830.77
938.86
992.68
1480.83
1633.64
1580.35
1048.58
1635.99
1636.95
1666.16
1451.74
1883.45
1502.79
1640.50
1765.06
1106.94
1751.30
1480.42
1782.15
1415.89
1265.76
1719.73
1407.21
1825.22
2002.39
1938.47
1911.75
1626.96
804.72
1570.70
777.49
1390.06
1464.17
1032.39
1688.76
2000.99
1895.18
1991.77
1418.94
920.82
1448.86
1686.58
1700.21
1782.50
543.05
1541.31
580.31
1354.51
1926.27
1560.75
1548.50
1003.73
883.33
1669.76
1403.31
1014.54
1478.93
1365.07
1958.89
1649.53
632.49
1213.53
1745.32
1321.77
1362.45
1586.69
1599.37
1092.89
700.61
328.47
1821.81
915.17
1743.23
1869.76
1559.51
1484.23
1941.68
829.39
1345.96
1524.35
1303.41
1351.62
725.48
1877.42
1639.14
1458.26
504.67
1178.76
1601.13
1487.66
1135.46
1852.27
911.56
790.35
1373.61
1255.54
1823.15
1397.33
1162.38
2047.68
2032.63
1880.46
1359.16
1097.89
617.52
1716.84
1453.77
1714.33
215.26
1743.94
1790.42
1728.81
1606.44
1884.61
1001.83
530.06
1735.89
1735.55
1655.15
1414.47
1180.50
1442.98
1138.48
839.47
1897.60
1102.37
1357.87
1408.36
1066.80
1191.62
1596.57
1933.31
1328.56
604.84
1437.76
1034.29
1599.45
1545.84
1318.43
1749.27
1492.14
1566.01
1982.39
1621.85
1018.11
1484.62
2155.20
1257.98
1515.80
1581.06
1224.79
185.91
1497.16
1053.64
1597.68
858.35
1406.39
1050.28
1256.24
1534.30
724.57
1359.88
2048.95
931.47
2071.70
1063.29
1228.80
938.53
1641.03
1881.85
1414.35
1545.54
1279.75
1018.28
783.37
1814.87
1157.54
1878.36
1707.73
1686.73
1095.55
1457.53
1427.08
1935.24
1177.95
1371.52
1718.80
783.77
1863.94
1893.99
1903.16
1803.04
1691.54
1071.63
1717.11
307.21
1402.59
1140.53
1345.77
694.84
2098.76
1470.07
1451.05
971.78
1904.82
1001.99
160.97
968.29
1092.25
1902.73
2048.51
1793.32
1669.34
1850.27
1214.35
1582.36
1027.76
1283.06
1454.61
854.45
817.14
1730.65
1258.92
707.70
1427.18
1697.93
1494.59
1657.39
1854.62
1297.47
2011.86
1654.36
1502.71
1690.37
1428.63
1359.46
759.60
1091.01
545.12
1629.14
1622.95
1729.06
1503.01
1238.37
1345.96
1271.21
594.13
1824.85
1860.14
1541.78
1852.16
1624.42
1348.41
2016.56
814.37
1276.81
856.51
1711.26
1383.68
1053.65
1196.34
1856.58
1816.06
1631.31
1374.06
854.21
1986.49
803.75
1420.05
1554.70
1208.71
1469.16
1406.09
1411.45
1176.41
965.79
2053.78
1552.82
758.73
1812.92
1324.16
1744.51
609.17
1828.27
1441.63
527.31
1182.09
508.51
285.15
1460.74
1348.61
1409.56
1640.41
1483.80
1159.61
1789.29
2276.93
553.63
1557.10
733.20
1595.98
1457.85
1134.90
1411.08
1753.30
1838.08
1458.30
1477.71
1347.57
1156.28
1764.07
1389.85
1410.64
1216.77
1737.99
413.54
986.38
994.64
912.12
1777.23
709.88
1109.35
1897.05
1474.77
1190.47
357.78
1300.56
1053.50
580.66
1126.51
810.11
1620.45
1650.44
1859.25
1456.47
1732.14
826.98
1605.22
1812.28
1589.80
1590.59
2176.88
1268.28
641.56
1380.38
1268.70
2069.40
1825.39
1492.46
1002.72
1681.49
428.41
1446.54
844.60
1882.72
1527.17
1288.34
1596.75
1632.17
2065.66
1600.52
-13.42
1518.26
1708.28
1103.62
1061.18
1424.08
1523.01
1424.87
913.49
1967.35
1633.58
1625.38
1961.16
1966.28
1614.39
1288.22
1641.02
1612.38
1395.39
417.19
1596.08
1815.94
1356.43
1273.91
1753.74
627.13
621.69
653.53
1835.47
1258.86
